2.22157
2.38941
2.51563
2.59222
2.61568
2.58737
2.51349
2.40448
2.27409
2.13807
2.01272
1.9133
1.85265
1.8399
1.87966
1.97155
2.11023
2.28594
2.4854
2.69305
2.89256
3.06834
3.20696
3.29844
3.3371
3.32202
3.2571
3.15054
3.01399
2.86136
2.70739
2.56619
2.44982
2.36714
2.32293
2.31747
2.34654
2.40195
2.47236
2.54449
2.60454
2.63962
2.63912
2.59583
2.50677
2.37358
2.20239
2.00333
1.78959
1.57617
1.37843
1.21059
1.08437
1.00778
0.984324
1.01263
1.08651
1.19552
1.32591
1.46193
1.58728
1.6867
1.74735
1.7601
1.72034
1.62845
1.48977
1.31406
1.1146
0.906951
0.707437
0.531662
0.393038
0.301558
0.262905
0.277979
0.342901
0.449464
0.586011
0.73864
0.892608
1.03381
1.15018
1.23286
1.27707
1.28253
1.25346
1.19805
1.12764
1.05551
0.99546
0.960379
0.960884
1.00417
1.09323
1.22642
1.39761
1.59667
1.81041
2.02383
2.22157
2.38941
2.51563
2.59222
2.61568
2.58737
2.51349
2.40448
2.27409
2.13807
2.01272
1.9133
1.85265
1.8399
1.87966
1.97155
2.11023
2.28594
2.4854
2.69305
2.89256
3.06834
3.20696
3.29844
3.3371
3.32202
3.2571
3.15054
3.01399
2.86136
2.70739
2.56619
2.44982
2.36714
2.32293
2.31747
2.34654
2.40195
2.47236
2.54449
2.60454
2.63962
2.63912
2.59583
2.50677
2.37358
2.20239
2.00333
1.78959
1.57617
1.37843
1.21059
1.08437
1.00778
0.984324
1.01263
1.08651
1.19552
1.32591
1.46193
1.58728
1.6867
1.74735
1.7601
1.72034
1.62845
1.48977
1.31406
1.1146
0.906951
0.707437
0.531662
0.393038
0.301558
0.262905
0.277979
0.342901
0.449464
0.586011
0.73864
0.892608
1.03381
1.15018
1.23286
1.27707
1.28253
1.25346
1.19805
1.12764
1.05551
0.99546
0.960379
0.960884
1.00417
1.09323
1.22642
1.39761
1.59667
1.81041
2.02383
2.22157
2.38941
2.51563
2.59222
2.61568
2.58737
2.51349
2.40448
2.27409
2.13807
2.01272
1.9133
1.85265
1.8399
1.87966
1.97155
2.11023
2.28594
2.4854
2.69305
2.89256
3.06834
3.20696
3.29844
3.3371
3.32202
3.2571
3.15054
3.01399
2.86136
2.70739
2.56619
2.44982
2.36714
2.32293
2.31747
2.34654
2.40195
2.47236
2.54449
2.60454
2.63962
2.63912
2.59583
2.50677
2.37358
2.20239
2.00333
1.78959
1.57617
1.37843
1.21059
1.08437
1.00778
0.984324
1.01263
1.08651
1.19552
1.32591
1.46193
1.58728
1.6867
1.74735
1.7601
1.72034
1.62845
1.48977
1.31406
1.1146
0.906951
0.707437
0.531662
0.393038
0.301558
0.262905
0.277979
0.342901
0.449464
0.586011
0.73864
0.892608
1.03381
1.15018
1.23286
1.27707
1.28253
1.25346
1.19805
1.12764
1.05551
0.99546
0.960379
0.960884
1.00417
1.09323
1.22642
1.39761
1.59667
1.81041
2.02383
2.22157
2.38941
2.51563
2.59222
2.61568
2.58737
2.51349
2.40448
2.27409
2.13807
2.01272
1.9133
1.85265
1.8399
1.87966
1.97155
2.11023
2.28594
2.4854
2.69305
2.89256
3.06834
3.20696
3.29844
3.3371
3.32202
3.2571
3.15054
3.01399
2.86136
2.70739
2.56619
2.44982
2.36714
2.32293
2.31747
2.34654
2.40195
2.47236
2.54449
2.60454
2.63962
2.63912
2.59583
2.50677
2.37358
2.20239
2.00333
1.78959
1.57617
1.37843
1.21059
1.08437
1.00778
0.984324
1.01263
1.08651
1.19552
1.32591
1.46193
1.58728
1.6867
1.74735
1.7601
1.72034
1.62845
1.48977
1.31406
1.1146
0.906951
0.707437
0.531662
0.393038
0.301558
0.262905
0.277979
0.342901
0.449464
0.586011
0.73864
0.892608
1.03381
1.15018
1.23286
1.27707
1.28253
1.25346
1.19805
1.12764
1.05551
0.99546
0.960379
0.960884
1.00417
1.09323
1.22642
1.39761
1.59667
1.81041
2.02383
2.22157
2.38941
2.51563
2.59222
2.61568
2.58737
2.51349
2.40448
2.27409
2.13807
2.01272
1.9133
1.85265
1.8399
1.87966
1.97155
2.11023
2.28594
2.4854
2.69305
2.89256
3.06834
3.20696
3.29844
3.3371
3.32202
3.2571
3.15054
3.01399
2.86136
2.70739
2.56619
2.44982
2.36714
2.32293
2.31747
2.34654
2.40195
2.47236
2.54449
2.60454
2.63962
2.63912
2.59583
2.50677
2.37358
2.20239
2.00333
1.78959
1.57617
1.37843
1.21059
1.08437
1.00778
0.984324
1.01263
1.08651
1.19552
1.32591
1.46193
1.58728
1.6867
1.74735
1.7601
1.72034
1.62845
1.48977
1.31406
1.1146
0.906951
0.707437
0.531662
0.393038
0.301558
0.262905
0.277979
0.342901
0.449464
0.586011
0.73864
0.892608
1.03381
1.15018
1.23286
1.27707
1.28253
1.25346
1.19805
1.12764
1.05551
0.99546
0.960379
0.960884
1.00417
1.09323
1.22642
1.39761
1.59667
1.81041
2.02383
2.22157